176.292
198.582
217.326
232.297
243.31
250.228
252.959
251.459
245.734
235.836
221.867
203.974
182.351
157.23
128.888
97.6339
63.8113
27.7914
-10.0301
-49.2387
-89.4053
-130.092
-170.855
-211.256
-250.858
-289.238
-325.99
-360.729
-393.095
-422.757
-449.42
-472.824
-492.75
-509.02
-521.503
-530.111
-534.802
-535.583
-532.505
-525.666
-515.207
-501.31
-484.199
-464.132
-441.401
-416.329
-389.261
-360.565
-330.625
-299.837
-268.602
-237.322
-206.398
-176.221
-147.169
-119.602
-93.8579
-70.2487
-49.0562
-30.529
-14.8793
-2.28111
7.13259
13.2704
16.0842
15.5688
11.7623
4.74487
-5.36188
-18.3971
-34.1631
-52.4277
-72.9269
-95.3697
-119.441
-144.805
-171.112
-198
-225.101
-252.046
-278.469
-304.01
-328.325
-351.084
-371.978
-390.723
-407.063
-420.775
-431.668
-439.589
-444.422
-446.093
-444.566
-439.846
-431.981
-421.058
-407.201
-390.573
-371.372
-349.828
-326.2
-300.774
-273.856
-245.774
-216.867
-187.487
-157.988
-128.727
-100.057
-72.3231
-45.8588
-20.9795
2.01884
22.8649
41.3147
57.1546
70.2046
80.3198
87.3923
91.3527
92.171
89.8562
84.4566
76.0595
64.789
50.8051
34.3015
15.5026
-5.33868
-27.9449
-52.0166
-77.2374
-103.277
-129.797
-156.451
-182.896
-208.79
-233.798
-257.599
-279.888
-300.38
-318.811
-334.947
-348.582
-359.54
-367.682
-372.904
-375.138
-374.355
-370.562
-363.804
-354.165
-341.763
-326.75
-309.312
-289.663
-268.043
-244.719
-219.976
-194.115
-167.454
-140.315
-113.029
-85.9234
-59.3259
-33.5547
-8.91702
14.2944
35.807
55.3693
72.7558
87.7683
100.239
110.032
117.045
121.212
122.501
120.915
116.494
109.311
99.4741
87.1226
72.4254
55.5804
36.8084
16.3541
-5.51917
-28.5341
-52.3998
-76.8194
-101.49
-126.11
-150.38
-174.009
-196.717
-218.238
-238.325
-256.749
-273.308
-287.825
-300.151
-310.165
-317.78
-322.94
-325.622
-325.833
-323.617
-319.045
-312.221
-303.276
-292.368
-279.681
-265.419
-249.805
-233.08
-215.494
-197.31
-178.794
-160.216
-141.842
-123.935
-106.748
-90.5237
-75.4883
-61.8499
-49.7967
-39.4935
-31.0792
-24.6665
-20.3391
-18.1516
-18.1284
-20.264
-24.5221
-30.8383
-39.1182
-49.2417
-61.0622
-74.4107
-89.0964
-104.91
-121.629
-139.015
-156.822
-174.799
-192.691
-210.244
-227.21
-243.346
-258.423
-272.222
-284.544
-295.208
-304.057
-310.953
-315.789
-318.483
-318.98
-317.255
-313.312
-307.185
-298.936
-288.652
-276.451
-262.474
-246.883
-229.864
-211.621
-192.371
-172.346
-151.788
-130.944
-110.065
-89.4018
-69.2017
-49.706
-31.145
-13.7373
2.31448
16.8268
29.6354
40.6001
49.6041
56.5576
61.3975
64.0883
64.6232
63.0233
59.3377
53.6426
46.0406
36.6574
25.643
13.1673
-0.581257
-15.3977
-31.067
-47.3614
-64.0472
-80.8872
-97.6426
-114.081
-129.972
-145.096
-159.245
-172.226
-183.866
-194.007
-202.517
-209.285
-214.228
-217.286
-218.428
-217.651
-214.978
-210.459
-204.171
-196.216
-186.721
-175.833
-163.72
-150.568
-136.577
-121.96
-106.939
-91.7428
-76.6019
-61.7479
-47.409
-33.8049
-21.1468
-9.63413
0.550705
9.24269
16.2981
21.5955
25.0367
26.5506
26.093
23.6468
19.2233
12.8611
4.6275
-5.38422
-17.0553
-30.2421
-44.7797
-60.4817
-77.1463
-94.5549
-112.478
-130.676
-148.904
-166.918
-184.47
-201.321
-217.236
-231.994
-245.388
-257.226
-267.34
-275.58
-281.825
-285.978
-287.97
-287.762
-285.346
-280.744
-274.008
-265.22
-254.491
-241.962
-227.798
-212.189
-195.348
-177.506
-158.91
-139.823
-120.515
-101.263
-82.3492
-64.0498
-46.6399
-30.3852
-15.5387
-2.3392
8.9966
18.2712
25.3134
29.9799
32.1554
31.7592
28.7411
23.0861
14.8145
3.98029
-9.32703
-24.9848
-42.8371
-62.6966
-84.3487
-107.55
-132.036
-157.519
-183.694
-210.246
-236.847
-263.165
-288.865
-313.617
-337.097
-358.992
-379.005
-396.857
-412.293
-425.084
-435.031
-441.967
-445.759
-446.311
-443.568
-437.51
-428.16
-415.582
-399.876
-381.186
-359.688
-335.6
-309.168
-280.671
-250.416
-218.734
-185.976
-152.509
-118.711
-84.9698
-51.6729
-19.2089
12.0436
41.7152
69.4528
94.9231
117.82
137.862
154.802
168.427
178.562
185.075
187.873
186.906
182.172
173.711
161.609
145.994
127.039
104.956
79.9949
52.4426
22.6171
-9.13364
-42.4383
-76.9053
-112.126
-147.683
-183.151
-218.103
-252.121
-284.791
-315.716
-344.518
-370.839
-394.356
-414.772
-431.829
-445.304
-455.021
-460.844
-462.684
-460.499
-454.295
-444.124
-430.088
-412.331
-391.046
-366.466
-338.864
-308.551
-275.868
-241.187
-204.908
-167.445
-129.231
-90.7076
-52.3234
-14.5244
22.2481
57.5631
91.0059
122.182
150.724
